2018-12-20 19:03:53.759309,tseries,76231102,56249653131,PewDiePie,77665819,19641847161,1434717,-36607805970
2018-12-20 19:33:55.127251,tseries,76235939,56249653131,PewDiePie,77669042,19642259233,1433103,-36607393898
2018-12-20 20:03:56.564394,tseries,76240621,56252816475,PewDiePie,77672026,19642472265,1431405,-36610344210
2018-12-20 20:33:59.586688,tseries,76245294,56252816475,PewDiePie,77675257,19642472265,1429963,-36610344210
2018-12-21 01:21:15.190567,tseries,76279814,56276461323,PewDiePie,77704833,19644108607,1425019,-36632352716
2018-12-21 01:51:16.602414,tseries,76281278,56283387049,PewDiePie,77708191,19645099922,1426913,-36638287127
2018-12-21 02:21:17.763068,tseries,76282528,56283387049,PewDiePie,77711268,19645099922,1428740,-36638287127
2018-12-21 11:00:39.360425,tseries,76316740,56308201754,PewDiePie,77758575,19652242819,1441835,-36655958935
2018-12-21 11:01:47.955211,tseries,76316884,56308201754,PewDiePie,77758651,19652242819,1441767,-36655958935
2018-12-21 11:31:49.343448,tseries,76320609,56309884613,PewDiePie,77761032,19652660928,1440423,-36657223685
2018-12-21 18:04:20.254911,tseries,76393107,56339027217,PewDiePie,77787049,19655172123,1393942,-36683855094
2018-12-21 18:34:22.178585,tseries,76399281,56348708507,PewDiePie,77789458,19655815517,1390177,-36692892990
2018-12-21 19:04:23.333235,tseries,76405759,56348708507,PewDiePie,77792207,19655815517,1386448,-36692892990
2018-12-21 19:34:24.881252,tseries,76412525,56354783320,PewDiePie,77795077,19656166947,1382552,-36698616373
2018-12-21 20:04:26.242577,tseries,76419101,56354783320,PewDiePie,77798019,19656166947,1378918,-36698616373
2018-12-21 20:34:27.352439,tseries,76425325,56361836575,PewDiePie,77801056,19656587185,1375731,-36705249390
2018-12-21 21:04:28.864771,tseries,76431566,56361836575,PewDiePie,77803944,19656587185,1372378,-36705249390
2018-12-21 21:34:32.010632,tseries,76437989,56361836575,PewDiePie,77807105,19656587185,1369116,-36705249390
2018-12-21 22:04:33.458010,tseries,76444432,56367034383,PewDiePie,77810527,19656850631,1366095,-36710183752
2018-12-21 22:34:35.001209,tseries,76450285,56367034383,PewDiePie,77814114,19656850631,1363829,-36710183752
2018-12-21 23:04:36.445740,tseries,76455417,56370846697,PewDiePie,77817268,19657101903,1361851,-36713744794
2018-12-21 23:34:37.868009,tseries,76460195,56370846697,PewDiePie,77820127,19657101903,1359932,-36713744794
2018-12-22 00:04:39.359775,tseries,76464187,56370846697,PewDiePie,77823180,19657101903,1358993,-36713744794
2018-12-22 00:34:40.915152,tseries,76467351,56370846697,PewDiePie,77826496,19657101903,1359145,-36713744794
2018-12-22 01:04:42.023244,tseries,76469631,56376750672,PewDiePie,77829917,19657310246,1360286,-36719440426
2018-12-22 01:34:43.517715,tseries,76471772,56381998912,PewDiePie,77833510,19657437347,1361738,-36724561565
2018-12-22 13:17:04.485704,tseries,76440012,56432849188,PewDiePie,77854977,19667837135,1414965,-36765012053
2018-12-22 15:03:37.974225,tseries,76457676,56439426223,PewDiePie,77862737,19669003041,1405061,-36770423182
2018-12-22 15:33:39.531695,tseries,76462490,56444734605,PewDiePie,77864984,19669470942,1402494,-36775263663
2018-12-22 16:03:40.665612,tseries,76467337,56444734605,PewDiePie,77867189,19669470942,1399852,-36775263663
2018-12-22 16:33:42.198895,tseries,76471915,56449977468,PewDiePie,77869160,19669856890,1397245,-36780120578
2018-12-22 17:03:43.785258,tseries,76476627,56449977468,PewDiePie,77871350,19669856890,1394723,-36780120578
2018-12-22 17:33:45.358641,tseries,76481042,56455735347,PewDiePie,77873075,19670218696,1392033,-36785516651
2018-12-22 18:03:47.004377,tseries,76486195,56455735347,PewDiePie,77875536,19670218696,1389341,-36785516651
2018-12-22 18:33:48.154488,tseries,76491554,56463049537,PewDiePie,77878086,19670801549,1386532,-36792247988
2018-12-22 19:03:49.677747,tseries,76496949,56463049537,PewDiePie,77880598,19670801549,1383649,-36792247988
2018-12-22 23:37:55.642962,tseries,76545903,56489015509,PewDiePie,77909751,19672709019,1363848,-36816306490
2018-12-23 01:26:45.236831,tseries,76555438,56491510520,PewDiePie,77919787,19673897582,1364349,-36817612938
2018-12-23 01:56:46.693754,tseries,76557179,56495027554,PewDiePie,77922607,19674337404,1365428,-36820690150
2018-12-23 13:45:56.112629,tseries,76748795,56530406187,PewDiePie,78027554,19681491350,1278759,-36848914837
2018-12-23 14:15:57.492061,tseries,76753826,56534864048,PewDiePie,78029519,19681827815,1275693,-36853036233
2018-12-23 15:36:35.778733,tseries,76766854,56540252423,PewDiePie,78034746,19682211907,1267892,-36858040516
2018-12-23 16:06:37.873881,tseries,76771709,56545077632,PewDiePie,78036727,19682507661,1265018,-36862569971
2018-12-23 16:36:42.160994,tseries,76776277,56545077632,PewDiePie,78038692,19682507661,1262415,-36862569971
2018-12-23 17:06:43.338067,tseries,76780336,56545077632,PewDiePie,78040354,19682507661,1260018,-36862569971
2018-12-23 17:36:44.846170,tseries,76784910,56551443865,PewDiePie,78042582,19683001032,1257672,-36868442833
2018-12-23 18:06:46.101256,tseries,76789856,56551443865,PewDiePie,78044886,19683001032,1255030,-36868442833
2018-12-23 18:36:47.546536,tseries,76794655,56559553424,PewDiePie,78047105,19683533717,1252450,-36876019707
2018-12-23 19:06:48.915200,tseries,76799646,56559553424,PewDiePie,78049565,19683533717,1249919,-36876019707
2018-12-23 19:36:50.634999,tseries,76805045,56565600707,PewDiePie,78052139,19683975826,1247094,-36881624881
2018-12-23 20:06:52.875786,tseries,76810397,56565600707,PewDiePie,78054807,19683975826,1244410,-36881624881
2018-12-23 20:36:54.363019,tseries,76815247,56569834348,PewDiePie,78057649,19684269085,1242402,-36885565263
2018-12-23 21:06:55.711891,tseries,76820177,56569834348,PewDiePie,78060463,19684269085,1240286,-36885565263
2018-12-23 21:36:57.184727,tseries,76825154,56574661375,PewDiePie,78063393,19684637548,1238239,-36890023827
2018-12-23 22:06:58.312307,tseries,76829970,56574661375,PewDiePie,78066303,19684637548,1236333,-36890023827
2018-12-23 22:36:59.852737,tseries,76834650,56579857791,PewDiePie,78069238,19684954005,1234588,-36894903786
2018-12-23 23:07:01.316679,tseries,76838470,56579857791,PewDiePie,78071720,19684954005,1233250,-36894903786
2018-12-23 23:37:16.701742,tseries,76842123,56579857791,PewDiePie,78074567,19684954005,1232444,-36894903786
2018-12-24 00:07:17.903192,tseries,76845046,56586486252,PewDiePie,78077157,19685505610,1232111,-36900980642
2018-12-24 00:37:19.297207,tseries,76847444,56586486252,PewDiePie,78078923,19685505610,1231479,-36900980642
2018-12-24 01:07:20.738084,tseries,76849261,56592190105,PewDiePie,78081397,19685912135,1232136,-36906277970
2018-12-24 01:37:21.916324,tseries,76850945,56592190105,PewDiePie,78084129,19685912135,1233184,-36906277970
2018-12-24 02:07:23.413578,tseries,76863161,56592190105,PewDiePie,78093219,19685912135,1230058,-36906277970
2018-12-24 11:36:32.365520,tseries,76905504,56619031375,PewDiePie,78141210,19693594538,1235706,-36925436837
2018-12-24 15:33:08.681157,tseries,76936844,56636506323,PewDiePie,78156452,19695763927,1219608,-36940742396
2018-12-24 16:03:10.256590,tseries,76940882,56639005778,PewDiePie,78158412,19695912216,1217530,-36943093562
2018-12-24 16:33:11.885915,tseries,76944903,56639005778,PewDiePie,78160395,19695912216,1215492,-36943093562
2018-12-24 17:03:13.283038,tseries,76948495,56642306923,PewDiePie,78162234,19696257321,1213739,-36946049602
2018-12-24 17:33:14.709410,tseries,76951751,56646551964,PewDiePie,78163824,19696585424,1212073,-36949966540
2018-12-24 18:03:16.321100,tseries,76955807,56646551964,PewDiePie,78165899,19696585424,1210092,-36949966540
2018-12-24 18:33:19.304897,tseries,76960110,56646551964,PewDiePie,78167995,19696585424,1207885,-36949966540
2018-12-24 19:03:20.757996,tseries,76964458,56646551964,PewDiePie,78170176,19696585424,1205718,-36949966540
2018-12-24 19:33:21.916156,tseries,76969066,56649111468,PewDiePie,78172610,19696904692,1203544,-36952206776
2018-12-24 20:03:23.065382,tseries,76973786,56649111468,PewDiePie,78175073,19696904692,1201287,-36952206776
2018-12-24 20:33:24.599349,tseries,76978531,56660660939,PewDiePie,78177676,19698187112,1199145,-36962473827
2018-12-24 21:03:25.823422,tseries,76983247,56660660939,PewDiePie,78180244,19698187112,1196997,-36962473827
2018-12-24 21:33:27.410543,tseries,76987917,56660660939,PewDiePie,78183034,19698187112,1195117,-36962473827
2018-12-24 22:03:28.981499,tseries,76992535,56660660939,PewDiePie,78185982,19698187112,1193447,-36962473827
2018-12-24 22:33:30.586413,tseries,76997030,56660660939,PewDiePie,78188863,19698187112,1191833,-36962473827
2018-12-24 23:03:32.083379,tseries,77000760,56678871086,PewDiePie,78191457,19699795783,1190697,-36979075303
2018-12-24 23:33:33.320792,tseries,77004340,56678871086,PewDiePie,78194328,19699795783,1189988,-36979075303
2018-12-25 00:03:35.000466,tseries,77007345,56678871086,PewDiePie,78196822,19699795783,1189477,-36979075303
2018-12-25 00:33:36.118883,tseries,77009796,56686656474,PewDiePie,78199224,19700339880,1189428,-36986316594
2018-12-25 11:23:11.027763,tseries,77065231,56722069029,PewDiePie,78248371,19708013761,1183140,-37014055268
2018-12-25 11:53:12.845131,tseries,77069756,56722069029,PewDiePie,78250313,19708013761,1180557,-37014055268
2018-12-25 12:23:14.392296,tseries,77074307,56725649777,PewDiePie,78252081,19708305462,1177774,-37017344315
2018-12-25 12:53:15.543514,tseries,77078857,56725649777,PewDiePie,78253632,19708305462,1174775,-37017344315
2018-12-25 13:23:16.960205,tseries,77083548,56730263513,PewDiePie,78255465,19708725483,1171917,-37021538030
2018-12-25 14:11:49.013039,tseries,77091198,56735410826,PewDiePie,78258199,19709167943,1167001,-37026242883
2018-12-25 14:41:50.505740,tseries,77095766,56738228072,PewDiePie,78259756,19709375639,1163990,-37028852433
2018-12-25 15:11:51.826150,tseries,77100570,56741590945,PewDiePie,78261512,19709593502,1160942,-37031997443
2018-12-25 15:41:53.363541,tseries,77105238,56741590945,PewDiePie,78263257,19709593502,1158019,-37031997443
2018-12-25 16:11:55.284228,tseries,77109927,56741590945,PewDiePie,78265050,19709593502,1155123,-37031997443
2018-12-25 16:41:56.923385,tseries,77114213,56747469432,PewDiePie,78266675,19709936913,1152462,-37037532519
2018-12-25 17:11:58.373274,tseries,77118278,56747469432,PewDiePie,78267909,19709936913,1149631,-37037532519
2018-12-25 17:41:59.813943,tseries,77122615,56753190870,PewDiePie,78269852,19710256881,1147237,-37042933989
2018-12-25 18:12:01.329126,tseries,77126989,56753190870,PewDiePie,78271902,19710256881,1144913,-37042933989
2018-12-25 18:42:02.802220,tseries,77131365,56759964180,PewDiePie,78273884,19710758864,1142519,-37049205316
2018-12-25 19:12:04.001057,tseries,77136094,56759964180,PewDiePie,78276099,19710758864,1140005,-37049205316
2018-12-25 19:42:05.776114,tseries,77141028,56767060099,PewDiePie,78278476,19711127458,1137448,-37055932641
2018-12-25 20:12:07.305309,tseries,77146127,56767060099,PewDiePie,78280891,19711127458,1134764,-37055932641
2018-12-25 20:42:08.804968,tseries,77150836,56773486254,PewDiePie,78283300,19711546450,1132464,-37061939804
2018-12-25 21:12:10.802410,tseries,77155829,56773486254,PewDiePie,78285894,19711546450,1130065,-37061939804
2018-12-25 21:42:12.013062,tseries,77160648,56777717579,PewDiePie,78288641,19711782920,1127993,-37065934659
2018-12-25 22:12:13.520030,tseries,77165354,56777717579,PewDiePie,78291423,19711782920,1126069,-37065934659
2018-12-25 22:42:15.144065,tseries,77169456,56777717579,PewDiePie,78293950,19711782920,1124494,-37065934659
2018-12-25 23:12:16.660897,tseries,77173255,56784512434,PewDiePie,78296604,19712170507,1123349,-37072341927
2018-12-25 23:42:18.221572,tseries,77176570,56784512434,PewDiePie,78299374,19712170507,1122804,-37072341927
2018-12-26 00:12:21.503108,tseries,77179345,56789926909,PewDiePie,78302265,19712496207,1122920,-37077430702
2018-12-26 00:42:23.132582,tseries,77181354,56789926909,PewDiePie,78304741,19712496207,1123387,-37077430702
2018-12-26 01:12:24.824669,tseries,77183208,56791391184,PewDiePie,78307399,19712557076,1124191,-37078834108
2018-12-26 11:39:53.095581,tseries,77231088,56827481705,PewDiePie,78353105,19720118654,1122017,-37107363051
2018-12-26 12:09:54.741148,tseries,77235448,56829040563,PewDiePie,78355314,19720327041,1119866,-37108713522
2018-12-26 12:39:56.296733,tseries,77239559,56831622241,PewDiePie,78357113,19720624483,1117554,-37110997758
2018-12-26 13:09:57.734895,tseries,77244104,56831622241,PewDiePie,78359104,19720624483,1115000,-37110997758
2018-12-26 13:39:59.206084,tseries,77249110,56834749751,PewDiePie,78360998,19720979915,1111888,-37113769836
2018-12-26 14:10:00.687527,tseries,77254244,56839192191,PewDiePie,78362681,19721478917,1108437,-37117713274
2018-12-26 14:40:02.325355,tseries,77259017,56839192191,PewDiePie,78364448,19721478917,1105431,-37117713274
2018-12-26 15:10:03.966245,tseries,77263958,56844379724,PewDiePie,78366267,19721955048,1102309,-37122424676
2018-12-26 15:40:05.535656,tseries,77268964,56847945667,PewDiePie,78368170,19722181558,1099206,-37125764109
2018-12-26 16:10:06.652860,tseries,77273808,56847945667,PewDiePie,78370009,19722181558,1096201,-37125764109
2018-12-26 16:40:08.199520,tseries,77278438,56849378342,PewDiePie,78371900,19722256968,1093462,-37127121374
2018-12-26 17:10:09.359557,tseries,77282247,56849378342,PewDiePie,78373013,19722256968,1090766,-37127121374
2018-12-26 17:40:10.839453,tseries,77286899,56849378342,PewDiePie,78375021,19722256968,1088122,-37127121374
2018-12-26 18:10:11.931250,tseries,77292000,56852913132,PewDiePie,78377092,19722830707,1085092,-37130082425
2018-12-26 18:40:13.905450,tseries,77297142,56852913132,PewDiePie,78379228,19722830707,1082086,-37130082425
2018-12-26 19:10:15.117515,tseries,77302462,56859197683,PewDiePie,78381504,19723104260,1079042,-37136093423
2018-12-26 19:40:16.307604,tseries,77307090,56859197683,PewDiePie,78384001,19723104260,1076911,-37136093423
2018-12-26 20:10:17.894083,tseries,77312108,56865082927,PewDiePie,78386704,19723504306,1074596,-37141578621
2018-12-26 20:57:57.378755,tseries,77319711,56865082927,PewDiePie,78391086,19723504306,1071375,-37141578621
2018-12-26 21:27:59.325287,tseries,77324604,56872058982,PewDiePie,78393938,19724020292,1069334,-37148038690
2018-12-26 21:58:00.745344,tseries,77329510,56872058982,PewDiePie,78396803,19724020292,1067293,-37148038690
2018-12-26 22:28:02.343149,tseries,77334136,56877628954,PewDiePie,78399662,19724332860,1065526,-37153296094
2018-12-26 22:58:03.885084,tseries,77338373,56877628954,PewDiePie,78401818,19724332860,1063445,-37153296094
2018-12-26 23:28:05.593247,tseries,77342631,56890086157,PewDiePie,78404025,19725055094,1061394,-37165031063
2018-12-26 23:58:07.147178,tseries,77346271,56890086157,PewDiePie,78406671,19725055094,1060400,-37165031063
2018-12-27 00:28:08.714484,tseries,77349089,56897260350,PewDiePie,78409464,19725487440,1060375,-37171772910
2018-12-27 00:58:09.837832,tseries,77350854,56897260350,PewDiePie,78411815,19725487440,1060961,-37171772910
2018-12-27 01:28:11.333584,tseries,77352749,56904575801,PewDiePie,78414466,19726612911,1061717,-37177962890
2018-12-27 01:58:13.561629,tseries,77362751,56904575801,PewDiePie,78418589,19726612911,1055838,-37177962890
2018-12-27 02:28:15.095558,tseries,77363954,56910654308,PewDiePie,78421220,19727101752,1057266,-37183552556
2018-12-27 02:58:16.676574,tseries,77364898,56910654308,PewDiePie,78423555,19727101752,1058657,-37183552556
2018-12-27 13:39:25.987023,tseries,77425038,56947714380,PewDiePie,78474209,19735436273,1049171,-37212278107
2018-12-27 14:09:27.318795,tseries,77429538,56947714380,PewDiePie,78476153,19735436273,1046615,-37212278107
2018-12-27 14:39:28.773771,tseries,77433927,56950988098,PewDiePie,78477994,19735711902,1044067,-37215276196
2018-12-27 15:09:30.535528,tseries,77438492,56955883060,PewDiePie,78479819,19736106601,1041327,-37219776459
2018-12-27 15:39:31.664833,tseries,77442999,56959649213,PewDiePie,78481769,19736449757,1038770,-37223199456
2018-12-27 16:09:33.057002,tseries,77447402,56959649213,PewDiePie,78483729,19736449757,1036327,-37223199456
2018-12-27 16:39:34.865157,tseries,77451240,56962864512,PewDiePie,78485473,19736690882,1034233,-37226173630
2018-12-27 17:09:35.956768,tseries,77455061,56962864512,PewDiePie,78486891,19736690882,1031830,-37226173630
2018-12-27 17:39:37.361972,tseries,77459427,56968640567,PewDiePie,78488982,19737051197,1029555,-37231589370
2018-12-27 18:09:38.823896,tseries,77463932,56968640567,PewDiePie,78491167,19737051197,1027235,-37231589370
2018-12-27 18:39:40.593362,tseries,77468388,56976128726,PewDiePie,78493303,19737598132,1024915,-37238530594
2018-12-27 19:09:42.041894,tseries,77473285,56976128726,PewDiePie,78495590,19737598132,1022305,-37238530594
2018-12-27 19:39:43.744503,tseries,77477613,56981571996,PewDiePie,78498175,19738043158,1020562,-37243528838
2018-12-27 20:09:45.942397,tseries,77482126,56981571996,PewDiePie,78500802,19738043158,1018676,-37243528838
2018-12-27 20:39:47.838943,tseries,77486507,56986358084,PewDiePie,78503335,19738376304,1016828,-37247981780
2018-12-27 21:09:49.596826,tseries,77490959,56986358084,PewDiePie,78506095,19738376304,1015136,-37247981780
2018-12-27 21:39:51.191058,tseries,77495499,56986358084,PewDiePie,78508992,19738376304,1013493,-37247981780
2018-12-27 22:09:53.596235,tseries,77499937,56992234056,PewDiePie,78511829,19738798741,1011892,-37253435315
2018-12-27 22:39:54.734550,tseries,77503976,56992234056,PewDiePie,78514719,19738798741,1010743,-37253435315
2018-12-27 23:09:56.265408,tseries,77507526,57000059890,PewDiePie,78517342,19739267894,1009816,-37260791996
2018-12-27 23:39:57.453462,tseries,77510736,57000059890,PewDiePie,78520573,19739267894,1009837,-37260791996
2018-12-28 00:10:02.571981,tseries,77513393,57007110463,PewDiePie,78524880,19739815525,1011487,-37267294938
2018-12-28 00:40:04.017218,tseries,77515317,57007110463,PewDiePie,78528962,19739815525,1013645,-37267294938
2018-12-28 01:10:05.500053,tseries,77525352,57013880632,PewDiePie,78532066,19740755936,1006714,-37273124696
2018-12-28 01:40:06.953645,tseries,77526758,57013880632,PewDiePie,78536233,19740755936,1009475,-37273124696
2018-12-28 02:10:08.476731,tseries,77527941,57013880632,PewDiePie,78540277,19740755936,1012336,-37273124696
2018-12-28 12:00:39.685435,tseries,77569807,57042722778,PewDiePie,78613164,19753894565,1043357,-37288828213
2018-12-28 17:21:08.065925,tseries,77607808,57069883791,PewDiePie,78643106,19758034987,1035298,-37311848804
2018-12-28 17:51:09.911522,tseries,77611618,57075793176,PewDiePie,78646396,19758898720,1034778,-37316894456
2018-12-29 03:00:08.562962,tseries,77674878,57118768620,PewDiePie,78719648,19765304992,1044770,-37353463628
2018-12-29 14:37:26.623292,tseries,77735250,57152493811,PewDiePie,78803240,19778485038,1067990,-37374008773
2018-12-29 15:07:27.738757,tseries,77739255,57156944501,PewDiePie,78806499,19779050606,1067244,-37377893895
2018-12-29 15:37:29.616873,tseries,77743335,57160815639,PewDiePie,78809811,19779567203,1066476,-37381248436
2018-12-29 16:07:30.638682,tseries,77747315,57160815639,PewDiePie,78813198,19779567203,1065883,-37381248436
2018-12-29 16:37:32.210512,tseries,77750948,57164976690,PewDiePie,78816186,19780071667,1065238,-37384905023
2018-12-29 17:07:33.662922,tseries,77754701,57164976690,PewDiePie,78819411,19780071667,1064710,-37384905023
2018-12-29 17:37:35.709448,tseries,77758157,57170532767,PewDiePie,78821958,19780733321,1063801,-37389799446
2018-12-29 18:07:37.041614,tseries,77762242,57170532767,PewDiePie,78824671,19780733321,1062429,-37389799446
2018-12-29 18:37:38.964980,tseries,77766554,57178255163,PewDiePie,78827952,19781757733,1061398,-37396497430
2018-12-29 19:07:40.389370,tseries,77770727,57178255163,PewDiePie,78830957,19781757733,1060230,-37396497430
2018-12-29 19:37:41.885729,tseries,77775227,57183548077,PewDiePie,78834329,19782702611,1059102,-37400845466
2018-12-29 20:07:43.740334,tseries,77779919,57183548077,PewDiePie,78838201,19782702611,1058282,-37400845466
2018-12-29 20:37:46.008706,tseries,77784416,57187453449,PewDiePie,78842313,19783376587,1057897,-37404076862
2018-12-29 21:07:47.491211,tseries,77788879,57187453449,PewDiePie,78846395,19783376587,1057516,-37404076862
2018-12-29 21:37:48.976536,tseries,77793448,57191713465,PewDiePie,78850592,19783418939,1057144,-37408294526
2018-12-29 22:07:50.805403,tseries,77797687,57191713465,PewDiePie,78854788,19783418939,1057101,-37408294526
2018-12-29 22:37:52.309156,tseries,77801462,57191713465,PewDiePie,78858998,19783418939,1057536,-37408294526
2018-12-29 23:07:53.899408,tseries,77805209,57197492772,PewDiePie,78863451,19784054640,1058242,-37413438132
2018-12-29 23:37:55.383588,tseries,77808429,57197492772,PewDiePie,78867354,19784054640,1058925,-37413438132
2018-12-30 00:07:56.530401,tseries,77811070,57205016674,PewDiePie,78871419,19784961529,1060349,-37420055145
2018-12-30 00:37:58.002631,tseries,77820319,57205016674,PewDiePie,78879525,19784961529,1059206,-37420055145
2018-12-31 17:19:57.566122,tseries,78063278,57365533578,PewDiePie,79166561,19822950327,1103283,-37542583251
2018-12-31 19:57:41.666744,tseries,78088307,57374912749,PewDiePie,79183397,19823847537,1095090,-37551065212
2018-12-31 20:27:43.609346,tseries,78093716,57374912749,PewDiePie,79186808,19823847537,1093092,-37551065212
2018-12-31 20:57:51.033168,tseries,78098891,57378789471,PewDiePie,79190104,19824957115,1091213,-37553832356
2018-12-31 21:27:57.505808,tseries,78104187,57378789471,PewDiePie,79193880,19824957115,1089693,-37553832356
2018-12-31 21:57:59.035804,tseries,78109621,57383118951,PewDiePie,79197746,19825876038,1088125,-37557242913
2018-12-31 22:28:00.254143,tseries,78114858,57383118951,PewDiePie,79201693,19825876038,1086835,-37557242913
2018-12-31 22:58:02.062301,tseries,78119571,57390642989,PewDiePie,79205388,19826521679,1085817,-37564121310
2018-12-31 23:28:03.296711,tseries,78124224,57390642989,PewDiePie,79209311,19826521679,1085087,-37564121310
2018-12-31 23:58:04.465851,tseries,78128482,57406267678,PewDiePie,79213244,19827995681,1084762,-37578271997

2019-01-02 16:48:13.987515,tseries,78413233,57580781296,PewDiePie,79444973,19860959129,1031740,-37719822167
2019-01-02 16:50:46.964640,tseries,78413644,57580781296,PewDiePie,79445148,19860959129,1031504,-37719822167
2019-01-02 16:50:54.264634,tseries,78413661,57580781296,PewDiePie,79445159,19860959129,1031498,-37719822167
2019-01-02 16:51:01.455329,tseries,78413685,57580781296,PewDiePie,79445168,19860959129,1031483,-37719822167
2019-01-02 16:51:52.021270,tseries,78413804,57580781296,PewDiePie,79445243,19860959129,1031439,-37719822167
2019-01-02 16:51:59.235434,tseries,78413822,57580781296,PewDiePie,79445251,19860959129,1031429,-37719822167
2019-01-02 16:52:06.410688,tseries,78413836,57580781296,PewDiePie,79445265,19860959129,1031429,-37719822167
2019-01-02 16:53:42.650699,tseries,78414088,57580781296,PewDiePie,79445384,19860959129,1031296,-37719822167
2019-01-02 16:54:44.308929,tseries,78414261,57580781296,PewDiePie,79445471,19860959129,1031210,-37719822167
2019-01-02 16:55:45.658341,tseries,78414430,57580781296,PewDiePie,79445549,19860959129,1031119,-37719822167
2019-01-02 16:56:46.889009,tseries,78414578,57580781296,PewDiePie,79445616,19860959129,1031038,-37719822167
2019-01-02 16:57:48.128984,tseries,78414733,57580781296,PewDiePie,79445695,19860959129,1030962,-37719822167
2019-01-02 16:58:50.683524,tseries,78414854,57580781296,PewDiePie,79445707,19860959129,1030853,-37719822167
2019-01-02 16:59:51.897883,tseries,78414574,57580781296,PewDiePie,79445246,19860959129,1030672,-37719822167
2019-01-02 17:01:58.124425,tseries,78414868,57580781296,PewDiePie,79445421,19861286986,1030553,-37719494310
2019-01-02 17:02:59.368122,tseries,78415005,57582833152,PewDiePie,79445503,19861286986,1030498,-37721546166
2019-01-02 17:04:00.735813,tseries,78415163,57582833152,PewDiePie,79445552,19861286986,1030389,-37721546166
2019-01-02 17:05:02.080577,tseries,78415344,57582833152,PewDiePie,79445638,19861286986,1030294,-37721546166
2019-01-02 17:06:03.215260,tseries,78415490,57582833152,PewDiePie,79445723,19861286986,1030233,-37721546166
2019-01-02 17:07:04.525742,tseries,78415630,57582833152,PewDiePie,79445812,19861286986,1030182,-37721546166
2019-01-02 17:08:05.912968,tseries,78415779,57582833152,PewDiePie,79445901,19861286986,1030122,-37721546166
2019-01-02 17:09:07.088428,tseries,78415909,57582833152,PewDiePie,79445963,19861286986,1030054,-37721546166
2019-01-02 17:10:08.147710,tseries,78416036,57582833152,PewDiePie,79446030,19861286986,1029994,-37721546166
2019-01-02 17:10:15.169758,tseries,78416049,57582833152,PewDiePie,79446043,19861286986,1029994,-37721546166
2019-01-02 17:19:13.239764,tseries,78417378,57582833152,PewDiePie,79446700,19861286986,1029322,-37721546166
2019-01-02 17:34:14.681963,tseries,78419706,57582833152,PewDiePie,79447951,19861286986,1028245,-37721546166
2019-01-02 19:09:49.236914,tseries,78435145,57589189511,PewDiePie,79456361,19862059887,1021216,-37727129624
2019-01-02 22:26:17.008557,tseries,78469769,57605508077,PewDiePie,79476446,19863394698,1006677,-37742113379
2019-01-02 22:41:28.875868,tseries,78472048,57605508077,PewDiePie,79477761,19863394698,1005713,-37742113379
2019-01-02 22:56:30.115282,tseries,78474407,57605508077,PewDiePie,79479301,19863394698,1004894,-37742113379
2019-01-02 23:11:30.660573,tseries,78476539,57605508077,PewDiePie,79480814,19863394698,1004275,-37742113379
2019-01-03 18:48:55.778409,tseries,78598685,57687613227,PewDiePie,79579831,19877654764,981146,-37809958463
2019-01-04 00:32:50.553716,tseries,78651640,57712606632,PewDiePie,79612380,19879795490,960740,-37832811142
2019-01-04 20:26:58.530917,tseries,78784850,57786609983,PewDiePie,79711716,19894204259,926866,-37892405724

2019-01-04 21:37:05.918793,tseries,78797417,57786609983,PewDiePie,79718116,19894204259,920699,-37892405724
2019-01-04 22:07:08.091806,tseries,78802686,57791519457,PewDiePie,79721093,19888734771,918407,-37902784686
2019-01-04 22:37:09.152578,tseries,78807540,57791519457,PewDiePie,79723832,19888734771,916292,-37902784686
2019-01-04 23:07:10.627956,tseries,78811565,57796023596,PewDiePie,79726485,19889338436,914920,-37906685160
2019-01-04 23:37:11.995747,tseries,78815256,57796023596,PewDiePie,79728638,19889338436,913382,-37906685160
2019-01-05 00:07:13.823223,tseries,78818424,57796023596,PewDiePie,79731115,19889338436,912691,-37906685160
2019-01-05 00:37:14.996086,tseries,78820895,57810030823,PewDiePie,79733794,19890573494,912899,-37919457329
2019-01-05 11:27:15.758619,tseries,78871791,57847800678,PewDiePie,79788621,19900668661,916830,-37947132017
2019-01-05 11:27:58.909544,tseries,78871887,57847800678,PewDiePie,79788682,19900668661,916795,-37947132017
2019-01-05 11:58:00.480973,tseries,78876342,57849983517,PewDiePie,79791001,19901131520,914659,-37948851997
2019-01-05 12:28:01.993373,tseries,78880895,57852120258,PewDiePie,79793226,19901418397,912331,-37950701861
2019-01-05 12:58:03.548399,tseries,78885413,57852120258,PewDiePie,79795092,19901418397,909679,-37950701861
2019-01-05 13:28:07.661672,tseries,78890047,57856119044,PewDiePie,79797215,19902013814,907168,-37954105230
2019-01-05 13:58:09.281836,tseries,78894688,57860750119,PewDiePie,79799278,19902492296,904590,-37958257823
2019-01-05 14:28:10.437345,tseries,78898884,57860750119,PewDiePie,79801372,19902492296,902488,-37958257823
2019-01-05 14:58:12.055385,tseries,78903170,57865077854,PewDiePie,79803156,19902931595,899986,-37962146259
2019-01-05 15:28:13.376820,tseries,78907705,57869630365,PewDiePie,79805297,19903312263,897592,-37966318102
2019-01-06 00:42:24.071525,tseries,78998310,57918521125,PewDiePie,79853261,19907503947,854951,-38011017178
2019-01-06 01:12:25.531123,tseries,79000192,57924501097,PewDiePie,79855291,19908060686,855099,-38016440411
2019-01-06 01:42:26.972786,tseries,79002052,57924501097,PewDiePie,79858030,19908060686,855978,-38016440411
2019-01-06 11:00:04.443718,tseries,79043185,57950451531,PewDiePie,79907073,19916486059,863888,-38033965472
2019-01-06 11:51:28.033122,tseries,79051889,57955877443,PewDiePie,79910954,19917904508,859065,-38037972935
2019-01-06 12:21:29.589246,tseries,79057123,57955877443,PewDiePie,79913062,19917904508,855939,-38037972935
2019-01-06 12:51:31.121539,tseries,79061921,57958808192,PewDiePie,79915003,19918342319,853082,-38040465873
2019-01-06 13:21:32.772775,tseries,79067100,57962733790,PewDiePie,79917031,19918775563,849931,-38043958227
2019-01-06 13:51:34.204994,tseries,79072227,57966455171,PewDiePie,79919189,19919103299,846962,-38047351872
2019-01-06 14:21:35.702052,tseries,79077398,57966455171,PewDiePie,79921233,19919103299,843835,-38047351872
2019-01-06 14:51:37.144695,tseries,79082425,57970873331,PewDiePie,79923064,19919515741,840639,-38051357590
2019-01-06 15:21:38.711163,tseries,79087730,57970873331,PewDiePie,79925163,19919515741,837433,-38051357590
2019-01-06 15:51:41.361473,tseries,79092826,57975851622,PewDiePie,79927258,19920066573,834432,-38055785049
2019-01-06 16:21:43.770302,tseries,79097834,57975851622,PewDiePie,79929484,19920066573,831650,-38055785049
2019-01-06 16:51:46.731509,tseries,79102446,57980912743,PewDiePie,79931449,19920469622,829003,-38060443121
2019-01-06 17:21:49.161661,tseries,79106760,57980912743,PewDiePie,79932908,19920469622,826148,-38060443121
2019-01-06 17:51:53.214997,tseries,79111561,57986579434,PewDiePie,79935187,19921040404,823626,-38065539030
2019-01-06 18:21:58.527505,tseries,79116606,57994733321,PewDiePie,79937542,19921718916,820936,-38073014405
2019-01-06 18:52:03.718423,tseries,79121490,57994733321,PewDiePie,79939743,19921718916,818253,-38073014405
2019-01-06 19:22:06.312768,tseries,79126573,57999335396,PewDiePie,79942211,19922091860,815638,-38077243536
2019-01-06 19:52:09.084329,tseries,79132015,57999335396,PewDiePie,79944731,19922091860,812716,-38077243536
2019-01-06 20:22:11.564904,tseries,79137373,58003782046,PewDiePie,79947271,19922520616,809898,-38081261430
2019-01-06 20:52:13.016342,tseries,79142377,58006884099,PewDiePie,79949807,19922799751,807430,-38084084348
2019-01-06 21:22:14.159020,tseries,79147620,58006884099,PewDiePie,79952508,19922799751,804888,-38084084348
2019-01-06 21:52:15.543206,tseries,79152714,58010719328,PewDiePie,79955445,19923150793,802731,-38087568535
2019-01-06 22:22:17.186300,tseries,79157475,58010719328,PewDiePie,79958274,19923150793,800799,-38087568535
2019-01-06 22:52:23.492423,tseries,79161593,58014827258,PewDiePie,79960954,19923500954,799361,-38091326304
2019-01-07 19:15:47.831162,tseries,79281183,58088418667,PewDiePie,80058483,19941027485,777300,-38147391182
2019-01-07 19:30:49.028892,tseries,79283544,58088418667,PewDiePie,80059974,19941027485,776430,-38147391182
2019-01-07 19:45:55.233199,tseries,79285882,58088418667,PewDiePie,80061365,19941027485,775483,-38147391182
2019-01-07 20:00:56.271987,tseries,79288261,58092703480,PewDiePie,80062726,19941446633,774465,-38151256847
2019-01-07 20:15:57.575004,tseries,79290696,58092703480,PewDiePie,80064165,19941446633,773469,-38151256847
2019-01-07 20:30:59.207086,tseries,79293213,58092703480,PewDiePie,80065479,19941446633,772266,-38151256847
2019-01-07 20:46:00.638296,tseries,79295481,58092703480,PewDiePie,80066699,19941446633,771218,-38151256847
2019-01-07 21:01:02.065295,tseries,79297833,58092703480,PewDiePie,80068033,19941446633,770200,-38151256847
